id,identifier,type_id,power,pp,accuracy,priority,target_id,damage_class_id,effect_id,effect_chance,meta_category_id,meta_ailment_id,min_hits,max_hits,min_turns,max_turns,drain,healing,crit_rate,ailment_chance,flinch_chance,stat_chance
1,Pound,1,40,35,100,0,10,2,1,,0,0,,,,,0,0,0,0,0,0
2,Karate Chop,2,50,25,100,0,10,2,44,,0,0,,,,,0,0,1,0,0,0
3,Double Slap,1,15,10,85,0,10,2,30,,0,0,2,5,,,0,0,0,0,0,0
4,Comet Punch,1,18,15,85,0,10,2,30,,0,0,2,5,,,0,0,0,0,0,0
5,Mega Punch,1,80,20,85,0,10,2,1,,0,0,,,,,0,0,0,0,0,0
6,Pay Day,1,40,20,100,0,10,2,35,,0,0,,,,,0,0,0,0,0,0
7,Fire Punch,10,75,15,100,0,10,2,5,10,4,4,,,,,0,0,0,10,0,0
8,Ice Punch,15,75,15,100,0,10,2,6,10,4,3,,,,,0,0,0,10,0,0
9,Thunder Punch,13,75,15,100,0,10,2,7,10,4,1,,,,,0,0,0,10,0,0
10,Scratch,1,40,35,100,0,10,2,1,,0,0,,,,,0,0,0,0,0,0
11,Vice Grip,1,55,30,100,0,10,2,1,,0,0,,,,,0,0,0,0,0,0
12,Guillotine,1,,5,30,0,10,2,39,,9,0,,,,,0,0,0,0,0,0
13,Razor Wind,1,80,10,100,0,11,3,40,,0,0,,,,,0,0,1,0,0,0
14,Swords Dance,1,,20,,0,7,1,51,,2,0,,,,,0,0,0,0,0,0
15,Cut,1,50,30,95,0,10,2,1,,0,0,,,,,0,0,0,0,0,0
16,Gust,3,40,35,100,0,10,3,150,,0,0,,,,,0,0,0,0,0,0
17,Wing Attack,3,60,35,100,0,10,2,1,,0,0,,,,,0,0,0,0,0,0
18,Whirlwind,1,,20,,-6,10,1,29,,12,0,,,,,0,0,0,0,0,0
19,Fly,3,90,15,95,0,10,2,156,,0,0,,,,,0,0,0,0,0,0
20,Bind,1,15,20,85,0,10,2,43,100,4,8,,,5,6,0,0,0,100,0,0
21,Slam,1,80,20,75,0,10,2,1,,0,0,,,,,0,0,0,0,0,0
22,Vine Whip,12,45,25,100,0,10,2,1,,0,0,,,,,0,0,0,0,0,0
23,Stomp,1,65,20,100,0,10,2,151,30,0,0,,,,,0,0,0,0,30,0
24,Double Kick,2,30,30,100,0,10,2,45,,0,0,2,2,,,0,0,0,0,0,0
25,Mega Kick,1,120,5,75,0,10,2,1,,0,0,,,,,0,0,0,0,0,0
26,Jump Kick,2,100,10,95,0,10,2,46,,0,0,,,,,0,0,0,0,0,0
27,Rolling Kick,2,60,15,85,0,10,2,32,30,0,0,,,,,0,0,0,0,30,0
28,Sand Attack,5,,15,100,0,10,1,24,,2,0,,,,,0,0,0,0,0,0
29,Headbutt,1,70,15,100,0,10,2,32,30,0,0,,,,,0,0,0,0,30,0
30,Horn Attack,1,65,25,100,0,10,2,1,,0,0,,,,,0,0,0,0,0,0
31,Fury Attack,1,15,20,85,0,10,2,30,,0,0,2,5,,,0,0,0,0,0,0
32,Horn Drill,1,,5,30,0,10,2,39,,9,0,,,,,0,0,0,0,0,0
33,Tackle,1,40,35,100,0,10,2,1,,0,0,,,,,0,0,0,0,0,0
34,Body Slam,1,85,15,100,0,10,2,7,30,4,1,,,,,0,0,0,30,0,0
35,Wrap,1,15,20,90,0,10,2,43,100,4,8,,,5,6,0,0,0,100,0,0
36,Take Down,1,90,20,85,0,10,2,49,,0,0,,,,,-25,0,0,0,0,0
37,Thrash,1,120,10,100,0,8,2,28,,0,0,,,,,0,0,0,0,0,0
38,Double Edge,1,120,15,100,0,10,2,199,,0,0,,,,,-33,0,0,0,0,0
39,Tail Whip,1,,30,100,0,11,1,20,,2,0,,,,,0,0,0,0,0,0
40,Poison Sting,4,15,35,100,0,10,2,3,30,4,5,,,,,0,0,0,30,0,0
41,Twineedle,7,25,20,100,0,10,2,78,20,4,5,2,2,,,0,0,0,20,0,0
42,Pin Missile,7,25,20,95,0,10,2,30,,0,0,2,5,,,0,0,0,0,0,0
43,Leer,1,,30,100,0,11,1,20,100,2,0,,,,,0,0,0,0,0,100
44,Bite,17,60,25,100,0,10,2,32,30,0,0,,,,,0,0,0,0,30,0
45,Growl,1,,40,100,0,11,1,19,,2,0,,,,,0,0,0,0,0,0
46,Roar,1,,20,,-6,10,1,29,,12,0,,,,,0,0,0,0,0,0
47,Sing,1,,15,55,0,10,1,2,,1,2,,,2,4,0,0,0,0,0,0
48,Supersonic,1,,20,55,0,10,1,50,,1,6,,,2,5,0,0,0,0,0,0
49,Sonic Boom,1,,20,90,0,10,3,131,,0,0,,,,,0,0,0,0,0,0
50,Disable,1,,20,100,0,10,1,87,,13,13,,,4,4,0,0,0,0,0,0
51,Acid,4,40,30,100,0,11,3,73,10,6,0,,,,,0,0,0,0,0,10
52,Ember,10,40,25,100,0,10,3,5,10,4,4,,,,,0,0,0,10,0,0
53,Flamethrower,10,90,15,100,0,10,3,5,10,4,4,,,,,0,0,0,10,0,0
54,Mist,15,,30,,0,4,1,47,,11,0,,,,,0,0,0,0,0,0
55,Water Gun,11,40,25,100,0,10,3,1,,0,0,,,,,0,0,0,0,0,0
56,Hydro Pump,11,110,5,80,0,10,3,1,,0,0,,,,,0,0,0,0,0,0
57,Surf,11,90,15,100,0,9,3,258,,0,0,,,,,0,0,0,0,0,0
58,Ice Beam,15,90,10,100,0,10,3,6,10,4,3,,,,,0,0,0,10,0,0
59,Blizzard,15,110,5,70,0,11,3,261,10,4,3,,,,,0,0,0,10,0,0
60,Psybeam,14,65,20,100,0,10,3,77,10,4,6,,,2,5,0,0,0,10,0,0
61,Bubble Beam,11,65,20,100,0,10,3,71,10,6,0,,,,,0,0,0,0,0,10
62,Aurora Beam,15,65,20,100,0,10,3,69,10,6,0,,,,,0,0,0,0,0,10
63,Hyper Beam,1,150,5,90,0,10,3,81,,0,0,,,,,0,0,0,0,0,0
64,Peck,3,35,35,100,0,10,2,1,,0,0,,,,,0,0,0,0,0,0
65,Drill Peck,3,80,20,100,0,10,2,1,,0,0,,,,,0,0,0,0,0,0
66,Submission,2,80,20,80,0,10,2,49,,0,0,,,,,-25,0,0,0,0,0
67,Low Kick,2,,20,100,0,10,2,197,,0,0,,,,,0,0,0,0,0,0
68,Counter,2,,20,100,-5,1,2,90,,0,0,,,,,0,0,0,0,0,0
69,Seismic Toss,2,,20,100,0,10,2,88,,0,0,,,,,0,0,0,0,0,0
70,Strength,1,80,15,100,0,10,2,1,,0,0,,,,,0,0,0,0,0,0
71,Absorb,12,20,25,100,0,10,3,4,,8,0,,,,,50,0,0,0,0,0
72,Mega Drain,12,40,15,100,0,10,3,4,,8,0,,,,,50,0,0,0,0,0
73,Leech Seed,12,,10,90,0,10,1,85,,1,18,,,,,0,0,0,0,0,0
74,Growth,1,,20,,0,7,1,317,,2,0,,,,,0,0,0,0,0,0
75,Razor Leaf,12,55,25,95,0,11,2,44,,0,0,,,,,0,0,1,0,0,0
76,Solar Beam,12,120,10,100,0,10,3,152,,0,0,,,,,0,0,0,0,0,0
77,Poison Powder,4,,35,75,0,10,1,67,,1,5,,,,,0,0,0,0,0,0
78,Stun Spore,12,,30,75,0,10,1,68,,1,1,,,,,0,0,0,0,0,0
79,Sleep Powder,12,,15,75,0,10,1,2,,1,2,,,2,4,0,0,0,0,0,0
80,Petal Dance,12,120,10,100,0,8,3,28,,0,0,,,,,0,0,0,0,0,0
81,String Shot,7,,40,95,0,11,1,61,,2,0,,,,,0,0,0,0,0,0
82,Dragon Rage,16,,10,100,0,10,3,42,,0,0,,,,,0,0,0,0,0,0
83,Fire Spin,10,35,15,85,0,10,3,43,100,4,8,,,5,6,0,0,0,100,0,0
84,Thunder Shock,13,40,30,100,0,10,3,7,10,4,1,,,,,0,0,0,10,0,0
85,Thunderbolt,13,90,15,100,0,10,3,7,10,4,1,,,,,0,0,0,10,0,0
86,Thunder Wave,13,,20,90,0,10,1,68,,1,1,,,,,0,0,0,0,0,0
87,Thunder,13,110,10,70,0,10,3,153,30,4,1,,,,,0,0,0,30,0,0
88,Rock Throw,6,50,15,90,0,10,2,1,,0,0,,,,,0,0,0,0,0,0
89,Earthquake,5,100,10,100,0,9,2,148,,0,0,,,,,0,0,0,0,0,0
90,Fissure,5,,5,30,0,10,2,39,,9,0,,,,,0,0,0,0,0,0
91,Dig,5,80,10,100,0,10,2,257,,0,0,,,,,0,0,0,0,0,0
92,Toxic,4,,10,90,0,10,1,34,,1,5,,,15,15,0,0,0,0,0,0
93,Confusion,14,50,25,100,0,10,3,77,10,4,6,,,2,5,0,0,0,10,0,0
94,Psychic,14,90,10,100,0,10,3,73,10,6,0,,,,,0,0,0,0,0,10
95,Hypnosis,14,,20,60,0,10,1,2,,1,2,,,2,4,0,0,0,0,0,0
96,Meditate,14,,40,,0,7,1,11,,2,0,,,,,0,0,0,0,0,0
97,Agility,14,,30,,0,7,1,53,,2,0,,,,,0,0,0,0,0,0
98,Quick Attack,1,40,30,100,1,10,2,104,,0,0,,,,,0,0,0,0,0,0
99,Rage,1,20,20,100,0,10,2,82,,0,0,,,,,0,0,0,0,0,0
100,Teleport,14,,20,,-6,7,1,154,,13,0,,,,,0,0,0,0,0,0
101,Night Shade,8,,15,100,0,10,3,88,,0,0,,,,,0,0,0,0,0,0
102,Mimic,1,,10,,0,10,1,83,,13,0,,,,,0,0,0,0,0,0
103,Screech,1,,40,85,0,10,1,60,,2,0,,,,,0,0,0,0,0,0
104,Double Team,1,,15,,0,7,1,17,,2,0,,,,,0,0,0,0,0,0
105,Recover,1,,10,,0,7,1,33,,3,0,,,,,0,50,0,0,0,0
106,Harden,1,,30,,0,7,1,12,,2,0,,,,,0,0,0,0,0,0
107,Minimize,1,,10,,0,7,1,109,,2,0,,,,,0,0,0,0,0,0
108,Smokescreen,1,,20,100,0,10,1,24,,2,0,,,,,0,0,0,0,0,0
109,Confuse Ray,8,,10,100,0,10,1,50,,1,6,,,2,5,0,0,0,0,0,0
110,Withdraw,11,,40,,0,7,1,12,,2,0,,,,,0,0,0,0,0,0
111,Defense Curl,1,,40,,0,7,1,157,,2,0,,,,,0,0,0,0,0,0
112,Barrier,14,,20,,0,7,1,52,,2,0,,,,,0,0,0,0,0,0
113,Light Screen,14,,30,,0,4,1,36,,11,0,,,,,0,0,0,0,0,0
114,Haze,15,,30,,0,12,1,26,,10,0,,,,,0,0,0,0,0,0
115,Reflect,14,,20,,0,4,1,66,,11,0,,,,,0,0,0,0,0,0
116,Focus Energy,1,,30,,0,7,1,48,,13,0,,,,,0,0,0,0,0,0
117,Bide,1,,10,,1,7,2,27,,0,0,,,,,0,0,0,0,0,0
118,Metronome,1,,10,,0,7,1,84,,13,0,,,,,0,0,0,0,0,0
119,Mirror Move,3,,20,,0,10,1,10,,13,0,,,,,0,0,0,0,0,0
120,Self Destruct,1,200,5,100,0,9,2,8,,0,0,,,,,0,0,0,0,0,0
121,Egg Bomb,1,100,10,75,0,10,2,1,,0,0,,,,,0,0,0,0,0,0
122,Lick,8,30,30,100,0,10,2,7,30,4,1,,,,,0,0,0,30,0,0
123,Smog,4,30,20,70,0,10,3,3,40,4,5,,,,,0,0,0,40,0,0
124,Sludge,4,65,20,100,0,10,3,3,30,4,5,,,,,0,0,0,30,0,0
125,Bone Club,5,65,20,85,0,10,2,32,10,0,0,,,,,0,0,0,0,10,0
126,Fire Blast,10,110,5,85,0,10,3,5,10,4,4,,,,,0,0,0,10,0,0
127,Waterfall,11,80,15,100,0,10,2,32,20,0,0,,,,,0,0,0,0,20,0
128,Clamp,11,35,15,85,0,10,2,43,100,4,8,,,5,6,0,0,0,100,0,0
129,Swift,1,60,20,,0,11,3,18,,0,0,,,,,0,0,0,0,0,0
130,Skull Bash,1,130,10,100,0,10,2,146,100,0,0,,,,,0,0,0,100,0,0
131,Spike Cannon,1,20,15,100,0,10,2,30,,0,0,2,5,,,0,0,0,0,0,0
132,Constrict,1,10,35,100,0,10,2,71,10,6,0,,,,,0,0,0,0,0,10
133,Amnesia,14,,20,,0,7,1,55,,2,0,,,,,0,0,0,0,0,0
134,Kinesis,14,,15,80,0,10,1,24,,2,0,,,,,0,0,0,0,0,0
135,Soft Boiled,1,,10,,0,7,1,33,,3,0,,,,,0,50,0,0,0,0
136,High Jump Kick,2,130,10,90,0,10,2,46,,0,0,,,,,0,0,0,0,0,0
137,Glare,1,,30,100,0,10,1,68,,1,1,,,,,0,0,0,0,0,0
138,Dream Eater,14,100,15,100,0,10,3,9,,8,0,,,,,50,0,0,0,0,0
139,Poison Gas,4,,40,90,0,11,1,67,,1,5,,,,,0,0,0,0,0,0
140,Barrage,1,15,20,85,0,10,2,30,,0,0,2,5,,,0,0,0,0,0,0
141,Leech Life,7,80,10,100,0,10,2,4,,8,0,,,,,50,0,0,0,0,0
142,Lovely Kiss,1,,10,75,0,10,1,2,,1,2,,,2,4,0,0,0,0,0,0
143,Sky Attack,3,140,5,90,0,10,2,76,30,0,0,,,,,0,0,1,0,30,0
144,Transform,1,,10,,0,10,1,58,,13,0,,,,,0,0,0,0,0,0
145,Bubble,11,40,30,100,0,11,3,71,10,6,0,,,,,0,0,0,0,0,10
146,Dizzy Punch,1,70,10,100,0,10,2,77,20,4,6,,,2,5,0,0,0,20,0,0
147,Spore,12,,15,100,0,10,1,2,,1,2,,,2,4,0,0,0,0,0,0
148,Flash,1,,20,100,0,10,1,24,,2,0,,,,,0,0,0,0,0,0
149,Psywave,14,,15,100,0,10,3,89,,0,0,,,,,0,0,0,0,0,0
150,Splash,1,,40,,0,7,1,86,,13,0,,,,,0,0,0,0,0,0
151,Acid Armor,4,,20,,0,7,1,52,,2,0,,,,,0,0,0,0,0,0
152,Crabhammer,11,100,10,90,0,10,2,44,,0,0,,,,,0,0,1,0,0,0
153,Explosion,1,250,5,100,0,9,2,8,,0,0,,,,,0,0,0,0,0,0
154,Fury Swipes,1,18,15,80,0,10,2,30,,0,0,2,5,,,0,0,0,0,0,0
155,Bonemerang,5,50,10,90,0,10,2,45,,0,0,2,2,,,0,0,0,0,0,0
156,Rest,14,,10,,0,7,1,38,,13,0,,,,,0,0,0,0,0,0
157,Rock Slide,6,75,10,90,0,11,2,32,30,0,0,,,,,0,0,0,0,30,0
158,Hyper Fang,1,80,15,90,0,10,2,32,10,0,0,,,,,0,0,0,0,10,0
159,Sharpen,1,,30,,0,7,1,11,,2,0,,,,,0,0,0,0,0,0
160,Conversion,1,,30,,0,7,1,31,,13,0,,,,,0,0,0,0,0,0
161,Tri Attack,1,80,10,100,0,10,3,37,20,4,-1,,,,,0,0,0,20,0,0
162,Super Fang,1,,10,90,0,10,2,41,,0,0,,,,,0,0,0,0,0,0
163,Slash,1,70,20,100,0,10,2,44,,0,0,,,,,0,0,1,0,0,0
164,Substitute,1,,10,,0,7,1,80,,13,0,,,,,0,0,0,0,0,0
165,Struggle,1,50,1,,0,8,2,255,,0,0,,,,,0,-25,0,0,0,0
166,Sketch,1,,1,,0,10,1,96,,13,0,,,,,0,0,0,0,0,0
167,Triple Kick,2,10,10,90,0,10,2,105,,0,0,3,3,,,0,0,0,0,0,0
168,Thief,17,60,25,100,0,10,2,106,,0,0,,,,,0,0,0,0,0,0
169,Spider Web,7,,10,,0,10,1,107,,13,0,,,,,0,0,0,0,0,0
170,Mind Reader,1,,5,,0,10,1,95,,13,0,,,,,0,0,0,0,0,0
171,Nightmare,8,,15,100,0,10,1,108,,1,9,,,,,0,0,0,0,0,0
172,Flame Wheel,10,60,25,100,0,10,2,126,10,4,4,,,,,0,0,0,10,0,0
173,Snore,1,50,15,100,0,10,3,93,30,0,0,,,,,0,0,0,0,30,0
174,Curse,8,,10,,0,1,1,110,,13,0,,,,,0,0,0,0,0,0
175,Flail,1,,15,100,0,10,2,100,,0,0,,,,,0,0,0,0,0,0
176,Conversion 2,1,,30,,0,10,1,94,,13,0,,,,,0,0,0,0,0,0
177,Aeroblast,3,100,5,95,0,10,3,44,,0,0,,,,,0,0,1,0,0,0
178,Cotton Spore,12,,40,100,0,11,1,61,,2,0,,,,,0,0,0,0,0,0
179,Reversal,2,,15,100,0,10,2,100,,0,0,,,,,0,0,0,0,0,0
180,Spite,8,,10,100,0,10,1,101,,13,0,,,,,0,0,0,0,0,0
181,Powder Snow,15,40,25,100,0,11,3,6,10,4,3,,,,,0,0,0,10,0,0
182,Protect,1,,10,,4,7,1,112,,13,0,,,,,0,0,0,0,0,0
183,Mach Punch,2,40,30,100,1,10,2,104,,0,0,,,,,0,0,0,0,0,0
184,Scary Face,1,,10,100,0,10,1,61,,2,0,,,,,0,0,0,0,0,0
185,Feint Attack,17,60,20,,0,10,2,18,,0,0,,,,,0,0,0,0,0,0
186,Sweet Kiss,18,,10,75,0,10,1,50,,1,6,,,2,5,0,0,0,0,0,0
187,Belly Drum,1,,10,,0,7,1,143,,13,0,,,,,0,0,0,0,0,0
188,Sludge Bomb,4,90,10,100,0,10,3,3,30,4,5,,,,,0,0,0,30,0,0
189,Mud Slap,5,20,10,100,0,10,3,74,100,6,0,,,,,0,0,0,0,0,100
190,Octazooka,11,65,10,85,0,10,3,74,50,6,0,,,,,0,0,0,0,0,50
191,Spikes,5,,20,,0,6,1,113,,11,0,,,,,0,0,0,0,0,0
192,Zap Cannon,13,120,5,50,0,10,3,7,100,4,1,,,,,0,0,0,100,0,0
193,Foresight,1,,40,,0,10,1,114,,1,17,,,,,0,0,0,0,0,0
194,Destiny Bond,8,,5,,0,7,1,99,,13,0,,,,,0,0,0,0,0,0
195,Perish Song,1,,5,,0,14,1,115,,1,20,,,4,4,0,0,0,0,0,0
196,Icy Wind,15,55,15,95,0,11,3,71,100,6,0,,,,,0,0,0,0,0,100
197,Detect,2,,5,,4,7,1,112,,13,0,,,,,0,0,0,0,0,0
198,Bone Rush,5,25,10,90,0,10,2,30,,0,0,2,5,,,0,0,0,0,0,0
199,Lock On,1,,5,,0,10,1,95,,13,0,,,,,0,0,0,0,0,0
200,Outrage,16,120,10,100,0,8,2,28,,0,0,,,,,0,0,0,0,0,0
201,Sandstorm,6,,10,,0,12,1,116,,10,0,,,,,0,0,0,0,0,0
202,Giga Drain,12,75,10,100,0,10,3,4,,8,0,,,,,50,0,0,0,0,0
203,Endure,1,,10,,4,7,1,117,,13,0,,,,,0,0,0,0,0,0
204,Charm,18,,20,100,0,10,1,59,,2,0,,,,,0,0,0,0,0,0
205,Rollout,6,30,20,90,0,10,2,118,,0,0,,,,,0,0,0,0,0,0
206,False Swipe,1,40,40,100,0,10,2,102,,0,0,,,,,0,0,0,0,0,0
207,Swagger,1,,15,85,0,10,1,119,,5,6,,,2,5,0,0,0,0,0,0
208,Milk Drink,1,,10,,0,7,1,33,,3,0,,,,,0,50,0,0,0,0
209,Spark,13,65,20,100,0,10,2,7,30,4,1,,,,,0,0,0,30,0,0
210,Fury Cutter,7,40,20,95,0,10,2,120,,0,0,,,,,0,0,0,0,0,0
211,Steel Wing,9,70,25,90,0,10,2,139,10,7,0,,,,,0,0,0,0,0,10
212,Mean Look,1,,5,,0,10,1,107,,13,0,,,,,0,0,0,0,0,0
213,Attract,1,,15,100,0,10,1,121,,1,7,,,,,0,0,0,0,0,0
214,Sleep Talk,1,,10,,0,7,1,98,,13,0,,,,,0,0,0,0,0,0
215,Heal Bell,1,,5,,0,13,1,103,,13,0,,,,,0,0,0,0,0,0
216,Return,1,,20,100,0,10,2,122,,0,0,,,,,0,0,0,0,0,0
217,Present,1,,15,90,0,10,2,123,,0,0,,,,,0,0,0,0,0,0
218,Frustration,1,,20,100,0,10,2,124,,0,0,,,,,0,0,0,0,0,0
219,Safeguard,1,,25,,0,4,1,125,,11,0,,,,,0,0,0,0,0,0
220,Pain Split,1,,20,,0,10,1,92,,13,0,,,,,0,0,0,0,0,0
221,Sacred Fire,10,100,5,95,0,10,2,126,50,4,4,,,,,0,0,0,50,0,0
222,Magnitude,5,,30,100,0,9,2,127,,0,0,,,,,0,0,0,0,0,0
223,Dynamic Punch,2,100,5,50,0,10,2,77,100,4,6,,,2,5,0,0,0,100,0,0
224,Megahorn,7,120,10,85,0,10,2,1,,0,0,,,,,0,0,0,0,0,0
225,Dragon Breath,16,60,20,100,0,10,3,7,30,4,1,,,,,0,0,0,30,0,0
226,Baton Pass,1,,40,,0,7,1,128,,13,0,,,,,0,0,0,0,0,0
227,Encore,1,,5,100,0,10,1,91,,13,0,,,,,0,0,0,0,0,0
228,Pursuit,17,40,20,100,0,10,2,129,,0,0,,,,,0,0,0,0,0,0
229,Rapid Spin,1,50,40,100,0,10,2,130,100,7,0,,,,,0,0,0,0,0,100
230,Sweet Scent,1,,20,100,0,11,1,25,,2,0,,,,,0,0,0,0,0,0
231,Iron Tail,9,100,15,75,0,10,2,70,30,6,0,,,,,0,0,0,0,0,30
232,Metal Claw,9,50,35,95,0,10,2,140,10,7,0,,,,,0,0,0,0,0,10
233,Vital Throw,2,70,10,,-1,10,2,79,,0,0,,,,,0,0,0,0,0,0
234,Morning Sun,1,,5,,0,7,1,133,,3,0,,,,,0,50,0,0,0,0
235,Synthesis,12,,5,,0,7,1,133,,3,0,,,,,0,50,0,0,0,0
236,Moonlight,18,,5,,0,7,1,133,,3,0,,,,,0,50,0,0,0,0
237,Hidden Power,1,60,15,100,0,10,3,136,,0,0,,,,,0,0,0,0,0,0
238,Cross Chop,2,100,5,80,0,10,2,44,,0,0,,,,,0,0,1,0,0,0
239,Twister,16,40,20,100,0,11,3,147,20,0,0,,,,,0,0,0,0,20,0
240,Rain Dance,11,,5,,0,12,1,137,,10,0,,,,,0,0,0,0,0,0
241,Sunny Day,10,,5,,0,12,1,138,,10,0,,,,,0,0,0,0,0,0
242,Crunch,17,80,15,100,0,10,2,70,20,6,0,,,,,0,0,0,0,0,20
243,Mirror Coat,14,,20,100,-5,1,3,145,,0,0,,,,,0,0,0,0,0,0
244,Psych Up,1,,10,,0,10,1,144,,13,0,,,,,0,0,0,0,0,0
245,Extreme Speed,1,80,5,100,2,10,2,104,,0,0,,,,,0,0,0,0,0,0
246,Ancient Power,6,60,5,100,0,10,3,141,10,7,0,,,,,0,0,0,0,0,10
247,Shadow Ball,8,80,15,100,0,10,3,73,20,6,0,,,,,0,0,0,0,0,20
248,Future Sight,14,120,10,100,0,10,3,149,,13,0,,,,,0,0,0,0,0,0
249,Rock Smash,2,40,15,100,0,10,2,70,50,6,0,,,,,0,0,0,0,0,50
250,Whirlpool,11,35,15,85,0,10,3,262,100,4,8,,,5,6,0,0,0,100,0,0
251,Beat Up,17,,10,100,0,10,2,155,,0,0,6,6,,,0,0,0,0,0,0
252,Fake Out,1,40,10,100,3,10,2,159,100,0,0,,,,,0,0,0,0,100,0
253,Uproar,1,90,10,100,0,8,3,160,,0,0,,,,,0,0,0,0,0,0
254,Stockpile,1,,20,,0,7,1,161,,13,0,,,,,0,0,0,0,0,0
255,Spit Up,1,,10,100,0,10,3,162,,0,0,,,,,0,0,0,0,0,0
256,Swallow,1,,10,,0,7,1,163,,3,0,,,,,0,25,0,0,0,0
257,Heat Wave,10,95,10,90,0,11,3,5,10,4,4,,,,,0,0,0,10,0,0
258,Hail,15,,10,,0,12,1,165,,10,0,,,,,0,0,0,0,0,0
259,Torment,17,,15,100,0,10,1,166,,1,12,,,,,0,0,0,0,0,0
260,Flatter,17,,15,100,0,10,1,167,,5,6,,,2,5,0,0,0,0,0,0
261,Will O W,10,,15,85,0,10,1,168,,1,4,,,,,0,0,0,0,0,0
262,Memento,17,,10,100,0,10,1,169,,13,0,,,,,0,0,0,0,0,0
263,Facade,1,70,20,100,0,10,2,170,,0,0,,,,,0,0,0,0,0,0
264,Focus Punch,2,150,20,100,-3,10,2,171,,0,0,,,,,0,0,0,0,0,0
265,Smelling Salts,1,70,10,100,0,10,2,172,,0,0,,,,,0,0,0,0,0,0
266,Follow Me,1,,20,,2,7,1,173,,13,0,,,,,0,0,0,0,0,0
267,Nature Power,1,,20,,0,10,1,174,,13,0,,,,,0,0,0,0,0,0
268,Charge,13,,20,,0,7,1,175,,2,0,,,,,0,0,0,0,0,0
269,Taunt,17,,20,100,0,10,1,176,,13,0,,,,,0,0,0,0,0,0
270,Helping Hand,1,,20,,5,3,1,177,,13,0,,,,,0,0,0,0,0,0
271,Trick,14,,10,100,0,10,1,178,,13,0,,,,,0,0,0,0,0,0
272,Role Play,14,,10,,0,10,1,179,,13,0,,,,,0,0,0,0,0,0
273,Wish,1,,10,,0,7,1,180,,13,0,,,,,0,0,0,0,0,0
274,Assist,1,,20,,0,7,1,181,,13,0,,,,,0,0,0,0,0,0
275,Ingrain,12,,20,,0,7,1,182,,1,21,,,,,0,0,0,0,0,0
276,Superpower,2,120,5,100,0,10,2,183,100,7,0,,,,,0,0,0,0,0,100
277,Magic Coat,14,,15,,4,7,1,184,,13,0,,,,,0,0,0,0,0,0
278,Recycle,1,,10,,0,7,1,185,,13,0,,,,,0,0,0,0,0,0
279,Revenge,2,60,10,100,-4,10,2,186,,0,0,,,,,0,0,0,0,0,0
280,Brick Break,2,75,15,100,0,10,2,187,,0,0,,,,,0,0,0,0,0,0
281,Yawn,1,,10,,0,10,1,188,,1,14,,,2,2,0,0,0,0,0,0
282,Knock Off,17,65,20,100,0,10,2,189,,0,0,,,,,0,0,0,0,0,0
283,Endeavor,1,,5,100,0,10,2,190,,0,0,,,,,0,0,0,0,0,0
284,Eruption,10,150,5,100,0,11,3,191,,0,0,,,,,0,0,0,0,0,0
285,Skill Swap,14,,10,,0,10,1,192,,13,0,,,,,0,0,0,0,0,0
286,Imprison,14,,10,,0,7,1,193,,13,0,,,,,0,0,0,0,0,0
287,Refresh,1,,20,,0,7,1,194,,13,0,,,,,0,0,0,0,0,0
288,Grudge,8,,5,,0,7,1,195,,13,0,,,,,0,0,0,0,0,0
289,Snatch,17,,10,,4,7,1,196,,13,0,,,,,0,0,0,0,0,0
290,Secret Power,1,70,20,100,0,10,2,198,30,0,0,,,,,0,0,0,30,0,0
291,Dive,11,80,10,100,0,10,2,256,,0,0,,,,,0,0,0,0,0,0
292,Arm Thrust,2,15,20,100,0,10,2,30,,0,0,2,5,,,0,0,0,0,0,0
293,Camouflage,1,,20,,0,7,1,214,,13,0,,,,,0,0,0,0,0,0
294,Tail Glow,7,,20,,0,7,1,322,,2,0,,,,,0,0,0,0,0,0
295,Luster Purge,14,70,5,100,0,10,3,73,50,6,0,,,,,0,0,0,0,0,50
296,Mist Ball,14,70,5,100,0,10,3,72,50,6,0,,,,,0,0,0,0,0,50
297,Feather Dance,3,,15,100,0,10,1,59,,2,0,,,,,0,0,0,0,0,0
298,Teeter Dance,1,,20,100,0,9,1,200,,1,6,,,2,5,0,0,0,0,0,0
299,Blaze Kick,10,85,10,90,0,10,2,201,10,4,4,,,,,0,0,1,10,0,0
300,Mud Sport,5,,15,,0,12,1,202,,10,0,,,,,0,0,0,0,0,0
301,Ice Ball,15,30,20,90,0,10,2,118,,0,0,,,,,0,0,0,0,0,0
302,Needle Arm,12,60,15,100,0,10,2,32,30,0,0,,,,,0,0,0,0,30,0
303,Slack Off,1,,10,,0,7,1,33,,3,0,,,,,0,50,0,0,0,0
304,Hyper Voice,1,90,10,100,0,11,3,1,,0,0,,,,,0,0,0,0,0,0
305,Poison Fang,4,50,15,100,0,10,2,203,50,4,5,,,15,15,0,0,0,50,0,0
306,Crush Claw,1,75,10,95,0,10,2,70,50,6,0,,,,,0,0,0,0,0,50
307,Blast Burn,10,150,5,90,0,10,3,81,,0,0,,,,,0,0,0,0,0,0
308,Hydro Cannon,11,150,5,90,0,10,3,81,,0,0,,,,,0,0,0,0,0,0
309,Meteor Mash,9,90,10,90,0,10,2,140,20,7,0,,,,,0,0,0,0,0,20
310,Astonish,8,30,15,100,0,10,2,32,30,0,0,,,,,0,0,0,0,30,0
311,Weather Ball,1,50,10,100,0,10,3,204,,0,0,,,,,0,0,0,0,0,0
312,Aromatherapy,12,,5,,0,13,1,103,,13,0,,,,,0,0,0,0,0,0
313,Fake Tears,17,,20,100,0,10,1,63,,2,0,,,,,0,0,0,0,0,0
314,Air Cutter,3,60,25,95,0,11,3,44,,0,0,,,,,0,0,1,0,0,0
315,Overheat,10,130,5,90,0,10,3,205,100,7,0,,,,,0,0,0,0,0,100
316,Odor Sleuth,1,,40,,0,10,1,114,,1,17,,,,,0,0,0,0,0,0
317,Rock Tomb,6,60,15,95,0,10,2,71,100,6,0,,,,,0,0,0,0,0,100
318,Silver Wind,7,60,5,100,0,10,3,141,10,7,0,,,,,0,0,0,0,0,10
319,Metal Sound,9,,40,85,0,10,1,63,,2,0,,,,,0,0,0,0,0,0
320,Grass Whistle,12,,15,55,0,10,1,2,,1,2,,,2,4,0,0,0,0,0,0
321,Tickle,1,,20,100,0,10,1,206,,2,0,,,,,0,0,0,0,0,0
322,Cosmic Power,14,,20,,0,7,1,207,,2,0,,,,,0,0,0,0,0,0
323,Water Spout,11,150,5,100,0,11,3,191,,0,0,,,,,0,0,0,0,0,0
324,Signal Beam,7,75,15,100,0,10,3,77,10,4,6,,,2,5,0,0,0,10,0,0
325,Shadow Punch,8,60,20,,0,10,2,18,,0,0,,,,,0,0,0,0,0,0
326,Extrasensory,14,80,20,100,0,10,3,32,10,0,0,,,,,0,0,0,0,10,0
327,Sky Uppercut,2,85,15,90,0,10,2,208,,0,0,,,,,0,0,0,0,0,0
328,Sand Tomb,5,35,15,85,0,10,2,43,100,4,8,,,5,6,0,0,0,100,0,0
329,Sheer Cold,15,,5,30,0,10,3,39,,9,0,,,,,0,0,0,0,0,0
330,Muddy Water,11,90,10,85,0,11,3,74,30,6,0,,,,,0,0,0,0,0,30
331,Bullet Seed,12,25,30,100,0,10,2,30,,0,0,2,5,,,0,0,0,0,0,0
332,Aerial Ace,3,60,20,,0,10,2,18,,0,0,,,,,0,0,0,0,0,0
333,Icicle Spear,15,25,30,100,0,10,2,30,,0,0,2,5,,,0,0,0,0,0,0
334,Iron Defense,9,,15,,0,7,1,52,,2,0,,,,,0,0,0,0,0,0
335,Block,1,,5,,0,10,1,107,,13,0,,,,,0,0,0,0,0,0
336,Howl,1,,40,,0,13,1,11,,2,0,,,,,0,0,0,0,0,0
337,Dragon Claw,16,80,15,100,0,10,2,1,,0,0,,,,,0,0,0,0,0,0
338,Frenzy Plant,12,150,5,90,0,10,3,81,,0,0,,,,,0,0,0,0,0,0
339,Bulk Up,2,,20,,0,7,1,209,,2,0,,,,,0,0,0,0,0,0
340,Bounce,3,85,5,85,0,10,2,264,30,4,1,,,,,0,0,0,30,0,0
341,Mud Shot,5,55,15,95,0,10,3,71,100,6,0,,,,,0,0,0,0,0,100
342,Poison Tail,4,50,25,100,0,10,2,210,10,4,5,,,,,0,0,1,10,0,0
343,Covet,1,60,25,100,0,10,2,106,,0,0,,,,,0,0,0,0,0,0
344,Volt Tackle,13,120,15,100,0,10,2,263,10,4,1,,,,,-33,0,0,10,0,0
345,Magical Leaf,12,60,20,,0,10,3,18,,0,0,,,,,0,0,0,0,0,0
346,Water Sport,11,,15,,0,12,1,211,,10,0,,,,,0,0,0,0,0,0
347,Calm Mind,14,,20,,0,7,1,212,,2,0,,,,,0,0,0,0,0,0
348,Leaf Blade,12,90,15,100,0,10,2,44,,0,0,,,,,0,0,1,0,0,0
349,Dragon Dance,16,,20,,0,7,1,213,,2,0,,,,,0,0,0,0,0,0
350,Rock Blast,6,25,10,90,0,10,2,30,,0,0,2,5,,,0,0,0,0,0,0
351,Shock Wave,13,60,20,,0,10,3,18,,0,0,,,,,0,0,0,0,0,0
352,Water Pulse,11,60,20,100,0,10,3,77,20,4,6,,,2,5,0,0,0,20,0,0
353,Doom Desire,9,140,5,100,0,10,3,149,,13,0,,,,,0,0,0,0,0,0
354,Psycho Boost,14,140,5,90,0,10,3,205,100,7,0,,,,,0,0,0,0,0,100
355,Roost,3,,10,,0,7,1,215,,3,0,,,,,0,50,0,0,0,0
356,Gravity,14,,5,,0,12,1,216,,10,0,,,,,0,0,0,0,0,0
357,Miracle Eye,14,,40,,0,10,1,217,,1,17,,,,,0,0,0,0,0,0
358,Wake Up Sl,2,70,10,100,0,10,2,218,,0,0,,,,,0,0,0,0,0,0
359,Hammer Arm,2,100,10,90,0,10,2,219,100,7,0,,,,,0,0,0,0,0,100
360,Gyro Ball,9,,5,100,0,10,2,220,,0,0,,,,,0,0,0,0,0,0
361,Healing Wish,14,,10,,0,7,1,221,,13,0,,,,,0,0,0,0,0,0
362,Brine,11,65,10,100,0,10,3,222,,0,0,,,,,0,0,0,0,0,0
363,Natural Gift,1,,15,100,0,10,2,223,,0,0,,,,,0,0,0,0,0,0
364,Feint,1,30,10,100,2,10,2,224,,0,0,,,,,0,0,0,0,0,0
365,Pluck,3,60,20,100,0,10,2,225,,0,0,,,,,0,0,0,0,0,0
366,Tailwind,3,,15,,0,4,1,226,,11,0,,,,,0,0,0,0,0,0
367,Acupressure,1,,30,,0,5,1,227,,13,0,,,,,0,0,0,0,0,0
368,Metal Burst,9,,10,100,0,1,2,228,,0,0,,,,,0,0,0,0,0,0
369,U Turn,7,70,20,100,0,10,2,229,,0,0,,,,,0,0,0,0,0,0
370,Close Combat,2,120,5,100,0,10,2,230,100,7,0,,,,,0,0,0,0,0,100
371,Payback,17,50,10,100,0,10,2,231,,0,0,,,,,0,0,0,0,0,0
372,Assurance,17,60,10,100,0,10,2,232,,0,0,,,,,0,0,0,0,0,0
373,Embargo,17,,15,100,0,10,1,233,,1,19,,,5,5,0,0,0,0,0,0
374,Fling,17,,10,100,0,10,2,234,,0,0,,,,,0,0,0,0,0,0
375,Psycho Shift,14,,10,100,0,10,1,235,,13,0,,,,,0,0,0,0,0,0
376,Trump Card,1,,5,,0,10,3,236,,0,0,,,,,0,0,0,0,0,0
377,Heal Block,14,,15,100,0,11,1,237,,1,15,,,5,5,0,0,0,0,0,0
378,Wring Out,1,,5,100,0,10,3,238,,0,0,,,,,0,0,0,0,0,0
379,Power Trick,14,,10,,0,7,1,239,,13,0,,,,,0,0,0,0,0,0
380,Gastro Acid,4,,10,100,0,10,1,240,,13,0,,,,,0,0,0,0,0,0
381,Lucky Chant,1,,30,,0,4,1,241,,11,0,,,,,0,0,0,0,0,0
382,Me First,1,,20,,0,2,1,242,,0,0,,,,,0,0,0,0,0,0
383,Copycat,1,,20,,0,7,1,243,,13,0,,,,,0,0,0,0,0,0
384,Power Swap,14,,10,,0,10,1,244,,13,0,,,,,0,0,0,0,0,0
385,Guard Swap,14,,10,,0,10,1,245,,13,0,,,,,0,0,0,0,0,0
386,Punishment,17,,5,100,0,10,2,246,,0,0,,,,,0,0,0,0,0,0
387,Last Resort,1,140,5,100,0,10,2,247,,0,0,,,,,0,0,0,0,0,0
388,Worry Seed,12,,10,100,0,10,1,248,,13,0,,,,,0,0,0,0,0,0
389,Sucker Punch,17,70,5,100,1,10,2,249,,0,0,,,,,0,0,0,0,0,0
390,Toxic Spikes,4,,20,,0,6,1,250,,11,0,,,,,0,0,0,0,0,0
391,Heart Swap,14,,10,,0,10,1,251,,13,0,,,,,0,0,0,0,0,0
392,Aqua Ring,11,,20,,0,7,1,252,,13,0,,,,,0,0,0,0,0,0
393,Magnet Rise,13,,10,,0,7,1,253,,13,0,,,,,0,0,0,0,0,0
394,Flare Blitz,10,120,15,100,0,10,2,254,10,4,4,,,,,-33,0,0,10,0,0
395,Force Palm,2,60,10,100,0,10,2,7,30,4,1,,,,,0,0,0,30,0,0
396,Aura Sphere,2,80,20,,0,10,3,18,,0,0,,,,,0,0,0,0,0,0
397,Rock Polish,6,,20,,0,7,1,53,,2,0,,,,,0,0,0,0,0,0
398,Poison Jab,4,80,20,100,0,10,2,3,30,4,5,,,,,0,0,0,30,0,0
399,Dark Pulse,17,80,15,100,0,10,3,32,20,0,0,,,,,0,0,0,0,20,0
400,Night Slash,17,70,15,100,0,10,2,44,,0,0,,,,,0,0,1,0,0,0
401,Aqua Tail,11,90,10,90,0,10,2,1,,0,0,,,,,0,0,0,0,0,0
402,Seed Bomb,12,80,15,100,0,10,2,1,,0,0,,,,,0,0,0,0,0,0
403,Air Slash,3,75,15,95,0,10,3,32,30,0,0,,,,,0,0,0,0,30,0
404,X Scissor,7,80,15,100,0,10,2,1,,0,0,,,,,0,0,0,0,0,0
405,Bug Buzz,7,90,10,100,0,10,3,73,10,6,0,,,,,0,0,0,0,0,10
406,Dragon Pulse,16,85,10,100,0,10,3,1,,0,0,,,,,0,0,0,0,0,0
407,Dragon Rush,16,100,10,75,0,10,2,32,20,0,0,,,,,0,0,0,0,20,0
408,Power Gem,6,80,20,100,0,10,3,1,,0,0,,,,,0,0,0,0,0,0
409,Drain Punch,2,75,10,100,0,10,2,4,,8,0,,,,,50,0,0,0,0,0
410,Vacuum Wave,2,40,30,100,1,10,3,104,,0,0,,,,,0,0,0,0,0,0
411,Focus Blast,2,120,5,70,0,10,3,73,10,6,0,,,,,0,0,0,0,0,10
412,Energy Ball,12,90,10,100,0,10,3,73,10,6,0,,,,,0,0,0,0,0,10
413,Brave Bird,3,120,15,100,0,10,2,199,,0,0,,,,,-33,0,0,0,0,0
414,Earth Power,5,90,10,100,0,10,3,73,10,6,0,,,,,0,0,0,0,0,10
415,Switcheroo,17,,10,100,0,10,1,178,,13,0,,,,,0,0,0,0,0,0
416,Giga Impact,1,150,5,90,0,10,2,81,,0,0,,,,,0,0,0,0,0,0
417,Nasty Plot,17,,20,,0,7,1,54,,2,0,,,,,0,0,0,0,0,0
418,Bullet Punch,9,40,30,100,1,10,2,104,,0,0,,,,,0,0,0,0,0,0
419,Avalanche,15,60,10,100,-4,10,2,186,,0,0,,,,,0,0,0,0,0,0
420,Ice Shard,15,40,30,100,1,10,2,104,,0,0,,,,,0,0,0,0,0,0
421,Shadow Claw,8,70,15,100,0,10,2,44,,0,0,,,,,0,0,1,0,0,0
422,Thunder Fang,13,65,15,95,0,10,2,276,10,4,1,,,,,0,0,0,10,10,0
423,Ice Fang,15,65,15,95,0,10,2,275,10,4,3,,,,,0,0,0,10,10,0
424,Fire Fang,10,65,15,95,0,10,2,274,10,4,4,,,,,0,0,0,10,10,0
425,Shadow Sneak,8,40,30,100,1,10,2,104,,0,0,,,,,0,0,0,0,0,0
426,Mud Bomb,5,65,10,85,0,10,3,74,30,6,0,,,,,0,0,0,0,0,30
427,Psycho Cut,14,70,20,100,0,10,2,44,,0,0,,,,,0,0,1,0,0,0
428,Zen Headbutt,14,80,15,90,0,10,2,32,20,0,0,,,,,0,0,0,0,20,0
429,Mirror Shot,9,65,10,85,0,10,3,74,30,6,0,,,,,0,0,0,0,0,30
430,Flash Cannon,9,80,10,100,0,10,3,73,10,6,0,,,,,0,0,0,0,0,10
431,Rock Climb,1,90,20,85,0,10,2,77,20,4,6,,,2,5,0,0,0,20,0,0
432,Defog,3,,15,,0,10,1,259,,13,0,,,,,0,0,0,0,0,0
433,Trick Room,14,,5,,-7,12,1,260,,10,0,,,,,0,0,0,0,0,0
434,Draco Meteor,16,130,5,90,0,10,3,205,100,7,0,,,,,0,0,0,0,0,100
435,Discharge,13,80,15,100,0,9,3,7,30,4,1,,,,,0,0,0,30,0,0
436,Lava Plume,10,80,15,100,0,9,3,5,30,4,4,,,,,0,0,0,30,0,0
437,Leaf Storm,12,130,5,90,0,10,3,205,100,7,0,,,,,0,0,0,0,0,100
438,Power Whip,12,120,10,85,0,10,2,1,,0,0,,,,,0,0,0,0,0,0
439,Rock Wrecker,6,150,5,90,0,10,2,81,,0,0,,,,,0,0,0,0,0,0
440,Cross Poison,4,70,20,100,0,10,2,210,10,4,5,,,,,0,0,1,10,0,0
441,Gunk Shot,4,120,5,80,0,10,2,3,30,4,5,,,,,0,0,0,30,0,0
442,Iron Head,9,80,15,100,0,10,2,32,30,0,0,,,,,0,0,0,0,30,0
443,Magnet Bomb,9,60,20,,0,10,2,18,,0,0,,,,,0,0,0,0,0,0
444,Stone Edge,6,100,5,80,0,10,2,44,,0,0,,,,,0,0,1,0,0,0
445,Captivate,1,,20,100,0,11,1,266,,2,0,,,,,0,0,0,0,0,0
446,Stealth Rock,6,,20,,0,6,1,267,,11,0,,,,,0,0,0,0,0,0
447,Grass Knot,12,,20,100,0,10,3,197,,0,0,,,,,0,0,0,0,0,0
448,Chatter,3,65,20,100,0,10,3,268,100,4,6,,,2,5,0,0,0,100,0,0
449,Judgment,1,100,10,100,0,10,3,269,,0,0,,,,,0,0,0,0,0,0
450,Bug Bite,7,60,20,100,0,10,2,225,,0,0,,,,,0,0,0,0,0,0
451,Charge Beam,13,50,10,90,0,10,3,277,70,7,0,,,,,0,0,0,0,0,70
452,Wood Hammer,12,120,15,100,0,10,2,199,,0,0,,,,,-33,0,0,0,0,0
453,Aqua Jet,11,40,20,100,1,10,2,104,,0,0,,,,,0,0,0,0,0,0
454,Attack Order,7,90,15,100,0,10,2,44,,0,0,,,,,0,0,1,0,0,0
455,Defend Order,7,,10,,0,7,1,207,,2,0,,,,,0,0,0,0,0,0
456,Heal Order,7,,10,,0,7,1,33,,3,0,,,,,0,50,0,0,0,0
457,Head Smash,6,150,5,80,0,10,2,270,,0,0,,,,,-50,0,0,0,0,0
458,Double Hit,1,35,10,90,0,10,2,45,,0,0,2,2,,,0,0,0,0,0,0
459,Roar Of Ti,16,150,5,90,0,10,3,81,,0,0,,,,,0,0,0,0,0,0
460,Spacial Rend,16,100,5,95,0,10,3,44,,0,0,,,,,0,0,1,0,0,0
461,Lunar Dance,14,,10,,0,7,1,271,,13,0,,,,,0,0,0,0,0,0
462,Crush Grip,1,,5,100,0,10,2,238,,0,0,,,,,0,0,0,0,0,0
463,Magma Storm,10,100,5,75,0,10,3,43,100,4,8,,,5,6,0,0,0,100,0,0
464,Dark Void,17,,10,50,0,11,1,2,,1,2,,,2,4,0,0,0,0,0,0
465,Seed Flare,12,120,5,85,0,10,3,272,40,6,0,,,,,0,0,0,0,0,40
466,Ominous Wind,8,60,5,100,0,10,3,141,10,7,0,,,,,0,0,0,10,0,10
467,Shadow Force,8,120,5,100,0,10,2,273,,0,0,,,,,0,0,0,0,0,0
468,Hone Claws,17,,15,,0,7,1,278,,2,0,,,,,0,0,0,0,0,0
469,Wide Guard,6,,10,,3,4,1,279,,11,0,,,,,0,0,0,0,0,0
470,Guard Split,14,,10,,0,10,1,280,,13,0,,,,,0,0,0,0,0,0
471,Power Split,14,,10,,0,10,1,281,,13,0,,,,,0,0,0,0,0,0
472,Wonder Room,14,,10,,0,12,1,282,,10,0,,,,,0,0,0,0,0,0
473,Psyshock,14,80,10,100,0,10,3,283,,0,0,,,,,0,0,0,0,0,0
474,Venoshock,4,65,10,100,0,10,3,284,,0,0,,,,,0,0,0,0,0,0
475,Autotomize,9,,15,,0,7,1,285,,2,0,,,,,0,0,0,0,0,0
476,Rage Powder,7,,20,,2,7,1,173,,13,0,,,,,0,0,0,0,0,0
477,Telekinesis,14,,15,,0,10,1,286,,1,-1,,,3,3,0,0,0,0,0,0
478,Magic Room,14,,10,,0,12,1,287,,10,0,,,,,0,0,0,0,0,0
479,Smack Down,6,50,15,100,0,10,2,288,100,0,-1,,,,,0,0,0,100,0,0
480,Storm Throw,2,60,10,100,0,10,2,289,,0,0,,,,,0,0,6,0,0,0
481,Flame Burst,10,70,15,100,0,10,3,290,,0,0,,,,,0,0,0,0,0,0
482,Sludge Wave,4,95,10,100,0,9,3,3,10,4,5,,,,,0,0,0,10,0,0
483,Quiver Dance,7,,20,,0,7,1,291,,2,0,,,,,0,0,0,0,0,0
484,Heavy Slam,9,,10,100,0,10,2,292,,0,0,,,,,0,0,0,0,0,0
485,Synchronoise,14,120,10,100,0,9,3,293,,0,0,,,,,0,0,0,0,0,0
486,Electro Ball,13,,10,100,0,10,3,294,,0,0,,,,,0,0,0,0,0,0
487,Soak,11,,20,100,0,10,1,295,,13,0,,,,,0,0,0,0,0,0
488,Flame Charge,10,50,20,100,0,10,2,296,100,7,0,,,,,0,0,0,0,0,100
489,Coil,4,,20,,0,7,1,323,,2,0,,,,,0,0,0,0,0,0
490,Low Sweep,2,65,20,100,0,10,2,21,100,6,0,,,,,0,0,0,0,0,100
491,Acid Spray,4,40,20,100,0,10,3,297,100,6,0,,,,,0,0,0,0,0,100
492,Foul Play,17,95,15,100,0,10,2,298,,0,0,,,,,0,0,0,0,0,0
493,Simple Beam,1,,15,100,0,10,1,299,,13,0,,,,,0,0,0,0,0,0
494,Entrainment,1,,15,100,0,10,1,300,,13,0,,,,,0,0,0,0,0,0
495,After You,1,,15,,0,10,1,301,,13,0,,,,,0,0,0,0,0,0
496,Round,1,60,15,100,0,10,3,302,,0,0,,,,,0,0,0,0,0,0
497,Echoed Voice,1,40,15,100,0,10,3,303,,0,0,,,,,0,0,0,0,0,0
498,Chip Away,1,70,20,100,0,10,2,304,,0,0,,,,,0,0,0,0,0,0
499,Clear Smog,4,50,15,,0,10,3,305,,0,0,,,,,0,0,0,0,0,0
500,Stored Power,14,20,10,100,0,10,3,306,,0,0,,,,,0,0,0,0,0,0
501,Quick Guard,2,,15,,3,4,1,307,,11,0,,,,,0,0,0,0,0,0
502,Ally Switch,14,,15,,2,7,1,308,,13,0,,,,,0,0,0,0,0,0
503,Scald,11,80,15,100,0,10,3,5,30,4,4,,,,,0,0,0,30,0,0
504,Shell Smash,1,,15,,0,7,1,309,,13,0,,,,,0,0,0,0,0,0
505,Heal Pulse,14,,10,,0,10,1,310,,3,0,,,,,0,50,0,0,0,0
506,Hex,8,65,10,100,0,10,3,311,,0,0,,,,,0,0,0,0,0,0
507,Sky Drop,3,60,10,100,0,10,2,312,,0,0,,,,,0,0,0,0,0,0
508,Shift Gear,9,,10,,0,7,1,313,,2,0,,,,,0,0,0,0,0,0
509,Circle Throw,2,60,10,90,-6,10,2,314,,0,0,,,,,0,0,0,0,0,0
510,Incinerate,10,60,15,100,0,11,3,315,,0,0,,,,,0,0,0,0,0,0
511,Quash,17,,15,100,0,10,1,316,,13,0,,,,,0,0,0,0,0,0
512,Acrobatics,3,55,15,100,0,10,2,318,,0,0,,,,,0,0,0,0,0,0
513,Reflect Type,1,,15,,0,10,1,319,,13,0,,,,,0,0,0,0,0,0
514,Retaliate,1,70,5,100,0,10,2,320,,0,0,,,,,0,0,0,0,0,0
515,Final Gambit,2,,5,100,0,10,3,321,,0,0,,,,,0,0,0,0,0,0
516,Bestow,1,,15,,0,10,1,324,,13,0,,,,,0,0,0,0,0,0
517,Inferno,10,100,5,50,0,10,3,5,100,4,4,,,,,0,0,0,100,0,0
518,Water Pledge,11,80,10,100,0,10,3,325,,0,0,,,,,0,0,0,0,0,0
519,Fire Pledge,10,80,10,100,0,10,3,326,,0,0,,,,,0,0,0,0,0,0
520,Grass Pledge,12,80,10,100,0,10,3,327,,0,0,,,,,0,0,0,0,0,0
521,Volt Switch,13,70,20,100,0,10,3,229,,0,0,,,,,0,0,0,0,0,0
522,Struggle Bug,7,50,20,100,0,11,3,72,100,6,0,,,,,0,0,0,0,0,100
523,Bulldoze,5,60,20,100,0,9,2,71,100,6,0,,,,,0,0,0,0,0,100
524,Frost Breath,15,60,10,90,0,10,3,289,100,0,0,,,,,0,0,6,100,0,0
525,Dragon Tail,16,60,10,90,-6,10,2,314,,0,0,,,,,0,0,0,0,0,0
526,Work Up,1,,30,,0,7,1,328,,2,0,,,,,0,0,0,0,0,0
527,Electroweb,13,55,15,95,0,11,3,21,100,6,0,,,,,0,0,0,0,0,100
528,Wild Charge,13,90,15,100,0,10,2,49,,0,0,,,,,-25,0,0,0,0,0
529,Drill Run,5,80,10,95,0,10,2,44,,0,0,,,,,0,0,1,0,0,0
530,Dual Chop,16,40,15,90,0,10,2,45,,0,0,2,2,,,0,0,0,0,0,0
531,Heart Stamp,14,60,25,100,0,10,2,32,30,0,0,,,,,0,0,0,0,30,0
532,Horn Leech,12,75,10,100,0,10,2,4,,8,0,,,,,50,0,0,0,0,0
533,Sacred Sword,2,90,15,100,0,10,2,304,,0,0,,,,,0,0,0,0,0,0
534,Razor Shell,11,75,10,95,0,10,2,70,50,6,0,,,,,0,0,0,0,0,50
535,Heat Crash,10,,10,100,0,10,2,292,,0,0,,,,,0,0,0,0,0,0
536,Leaf Tornado,12,65,10,90,0,10,3,74,50,6,0,,,,,0,0,0,0,0,50
537,Steamroller,7,65,20,100,0,10,2,151,30,0,0,,,,,0,0,0,0,30,0
538,Cotton Guard,12,,10,,0,7,1,329,,2,0,,,,,0,0,0,0,0,0
539,Night Daze,17,85,10,95,0,10,3,74,40,6,0,,,,,0,0,0,0,0,40
540,Psystrike,14,100,10,100,0,10,3,283,,0,0,,,,,0,0,0,0,0,0
541,Tail Slap,1,25,10,85,0,10,2,30,,0,0,2,5,,,0,0,0,0,0,0
542,Hurricane,3,110,10,70,0,10,3,334,30,4,6,,,2,5,0,0,0,30,0,0
543,Head Charge,1,120,15,100,0,10,2,49,,0,0,,,,,-25,0,0,0,0,0
544,Gear Grind,9,50,15,85,0,10,2,45,,0,0,2,2,,,0,0,0,0,0,0
545,Searing Shot,10,100,5,100,0,9,3,5,30,4,4,,,,,0,0,0,30,0,0
546,Techno Blast,1,120,5,100,0,10,3,269,,0,0,,,,,0,0,0,0,0,0
547,Relic Song,1,75,10,100,0,11,3,330,10,4,2,,,2,4,0,0,0,10,0,0
548,Secret Sword,2,85,10,100,0,10,3,283,,0,0,,,,,0,0,0,0,0,0
549,Glaciate,15,65,10,95,0,11,3,331,100,6,0,,,,,0,0,0,0,0,100
550,Bolt Strike,13,130,5,85,0,10,2,7,20,4,1,,,,,0,0,0,20,0,0
551,Blue Flare,10,130,5,85,0,10,3,5,20,4,4,,,,,0,0,0,20,0,0
552,Fiery Dance,10,80,10,100,0,10,3,277,50,7,0,,,,,0,0,0,0,0,50
553,Freeze Shock,15,140,5,90,0,10,2,332,30,4,1,,,,,0,0,0,30,0,0
554,Ice Burn,15,140,5,90,0,10,3,333,30,4,4,,,,,0,0,0,30,0,0
555,Snarl,17,55,15,95,0,11,3,72,100,6,0,,,,,0,0,0,0,0,100
556,Icicle Crash,15,85,10,90,0,10,2,32,30,0,0,,,,,0,0,0,0,30,0
557,V Create,10,180,5,95,0,10,2,335,100,7,0,,,,,0,0,0,0,0,100
558,Fusion Flare,10,100,5,100,0,10,3,336,,0,0,,,,,0,0,0,0,0,0
559,Fusion Bolt,13,100,5,100,0,10,2,337,,0,0,,,,,0,0,0,0,0,0
560,Flying Press,2,100,10,95,0,10,2,338,,0,0,,,,,0,0,0,0,0,0
561,Mat Block,2,,10,,0,4,1,377,,11,0,,,,,0,0,0,0,0,0
562,Belch,4,120,10,90,0,10,3,339,,0,0,,,,,0,0,0,0,0,0
563,Rototiller,5,,10,,0,14,1,340,100,2,0,,,,,0,0,0,0,0,100
564,Sticky Web,7,,20,,0,6,1,341,,11,0,,,,,0,0,0,0,0,0
565,Fell Stinger,7,50,25,100,0,10,2,342,,0,0,,,,,0,0,0,0,0,0
566,Phantom Force,8,90,10,100,0,10,2,273,,0,0,,,,,0,0,0,0,0,0
567,Trick or Treat,8,,20,100,0,10,1,343,,13,0,,,,,0,0,0,0,0,0
568,Noble Roar,1,,30,100,0,10,1,344,100,2,0,,,,,0,0,0,0,0,100
569,Ion Deluge,13,,25,,1,12,1,345,,10,0,,,,,0,0,0,0,0,0
570,Parabolic Charge,13,65,20,100,0,9,3,346,,8,0,,,,,50,0,0,0,0,0
571,Forests Curse,12,,20,100,0,10,1,376,,13,0,,,,,0,0,0,0,0,0
572,Petal Blizzard,12,90,15,100,0,9,2,379,,0,0,,,,,0,0,0,0,0,0
573,Freeze Dry,15,70,20,100,0,10,3,380,10,4,3,,,,,0,0,0,10,0,0
574,Disarming Voice,18,40,15,,0,11,3,381,,0,0,,,,,0,0,0,0,0,0
575,Parting Shot,17,,20,100,0,10,1,347,100,2,0,,,,,0,0,0,0,0,100
576,Topsy Turvy,17,,20,,0,10,1,348,,13,0,,,,,0,0,0,0,0,0
577,Draining Kiss,18,50,10,100,0,10,3,349,,8,0,,,,,75,0,0,0,0,0
578,Crafty Shield,18,,10,,3,4,1,350,,11,0,,,,,0,0,0,0,0,0
579,Flower Shield,18,,10,,0,14,1,351,100,13,0,,,,,0,0,0,0,0,100
580,Grassy Terrain,12,,10,,0,12,1,352,,10,0,,,,,0,0,0,0,0,0
581,Misty Terrain,18,,10,,0,12,1,353,,10,0,,,,,0,0,0,0,0,0
582,Electrify,13,,20,,0,10,1,354,,13,0,,,,,0,0,0,0,0,0
583,Play Rough,18,90,10,90,0,10,2,69,10,6,0,,,,,0,0,0,0,0,10
584,Fairy Wind,18,40,30,100,0,10,3,1,,0,0,,,,,0,0,0,0,0,0
585,Moonblast,18,95,15,100,0,10,3,72,30,6,0,,,,,0,0,0,0,0,30
586,Boomburst,1,140,10,100,0,9,3,379,,0,0,,,,,0,0,0,0,0,0
587,Fairy Lock,18,,10,,0,12,1,355,,10,0,,,,,0,0,0,0,0,0
588,Kings Shield,9,,10,,4,7,1,356,,13,0,,,,,0,0,0,0,0,0
589,Play Nice,1,,20,,0,10,1,357,100,2,0,,,,,0,0,0,0,0,100
590,Confide,1,,20,,0,10,1,358,100,2,0,,,,,0,0,0,0,0,100
591,Diamond Storm,6,100,5,95,0,11,2,359,50,7,0,,,,,0,0,0,0,0,50
592,Steam Eruption,11,110,5,95,0,10,3,5,30,4,4,,,,,0,0,0,30,0,0
593,Hyperspace Hole,14,80,5,,0,10,3,360,,0,0,,,,,0,0,0,0,0,0
594,Water Shuriken,11,15,20,100,1,10,3,361,,0,0,2,5,,,0,0,0,0,0,0
595,Mystical Fire,10,75,10,100,0,10,3,72,100,6,0,,,,,0,0,0,0,0,100
596,Spiky Shield,12,,10,,4,7,1,362,,13,0,,,,,0,0,0,0,0,0
597,Aromatic Mist,18,,20,,0,3,1,363,,2,0,,,,,0,0,0,0,0,0
598,Eerie Impulse,13,,15,100,0,10,1,62,,2,0,,,,,0,0,0,0,0,0
599,Venom Drench,4,,20,100,0,11,1,364,100,2,0,,,,,0,0,0,0,0,100
600,Powder,7,,20,100,1,10,1,378,,13,0,,,,,0,0,0,0,0,0
601,Geomancy,18,,10,,0,7,1,366,,2,0,,,,,0,0,0,0,0,0
602,Magnetic Flux,13,,20,,0,13,1,367,,2,0,,,,,0,0,0,0,0,0
603,Happy Hour,1,,30,,0,4,1,368,,13,0,,,,,0,0,0,0,0,0
604,Electric Terrain,13,,10,,0,12,1,369,,10,0,,,,,0,0,0,0,0,0
605,Dazzling Gleam,18,80,10,100,0,11,3,1,,0,0,,,,,0,0,0,0,0,0
606,Celebrate,1,,40,,0,7,1,370,,13,0,,,,,0,0,0,0,0,0
607,Hold Hands,1,,40,,0,3,1,371,,13,0,,,,,0,0,0,0,0,0
608,Baby Doll Eyes,18,,30,100,1,10,1,365,,2,0,,,,,0,0,0,0,0,0
609,Nuzzle,13,20,20,100,0,10,2,372,100,4,1,,,,,0,0,0,100,0,0
610,Hold Back,1,40,40,100,0,10,2,102,,0,0,,,,,0,0,0,0,0,0
611,Infestation,7,20,20,100,0,10,3,43,100,4,8,,,5,6,0,0,0,100,0,0
612,Power Up Punch,2,40,20,100,0,10,2,375,100,7,0,,,,,0,0,0,0,0,100
613,Oblivion Wing,3,80,10,100,0,10,3,349,,8,0,,,,,75,0,0,0,0,0
614,Thousand Arrows,5,90,10,100,0,11,2,373,100,0,-1,,,,,0,0,0,100,0,0
615,Thousand Waves,5,90,10,100,0,11,2,374,,0,0,,,,,0,0,0,0,0,0
616,Lands Wrath,5,90,10,100,0,11,2,1,,0,0,,,,,0,0,0,0,0,0
617,Light Of Ruin,18,140,5,90,0,10,3,270,,0,0,,,,,-50,0,0,0,0,0
618,Origin Pulse,11,110,10,85,0,11,3,1,,0,0,,,,,0,0,0,0,0,0
619,Precipice Blades,5,120,10,85,0,11,2,1,,0,0,,,,,0,0,0,0,0,0
620,Dragon Ascent,3,120,5,100,0,10,2,230,100,7,0,,,,,0,0,0,0,0,100
621,Hyperspace Fury,17,100,5,,0,10,2,360,100,7,0,,,,,0,0,0,0,0,100
622,Breakneck Blitz Physical,1,,1,,0,10,2,1,,0,0,,,,,0,0,0,0,0,0
623,Breakneck Blitz Special,1,,1,,0,10,3,1,,0,0,,,,,0,0,0,0,0,0
624,All Out Pummeling Physical,2,,1,,0,10,2,1,,0,0,,,,,0,0,0,0,0,0
625,All Out Pummeling Special,2,,1,,0,10,3,1,,0,0,,,,,0,0,0,0,0,0
626,Supersonic Skystrike Physical,3,,1,,0,10,2,1,,0,0,,,,,0,0,0,0,0,0
627,Supersonic Skystrike Special,3,,1,,0,10,3,1,,0,0,,,,,0,0,0,0,0,0
628,Acid Downpour Physical,4,,1,,0,10,2,1,,0,0,,,,,0,0,0,0,0,0
629,Acid Downpour Special,4,,1,,0,10,3,1,,0,0,,,,,0,0,0,0,0,0
630,Tectonic Rage Physical,5,,1,,0,10,2,1,,0,0,,,,,0,0,0,0,0,0
631,Tectonic Rage Special,5,,1,,0,10,3,1,,0,0,,,,,0,0,0,0,0,0
632,Continental Crush Physical,6,,1,,0,10,2,1,,0,0,,,,,0,0,0,0,0,0
633,Continental Crush Special,6,,1,,0,10,3,1,,0,0,,,,,0,0,0,0,0,0
634,Savage Spin Out Physical,7,,1,,0,10,2,1,,0,0,,,,,0,0,0,0,0,0
635,Savage Spin Out Special,7,,1,,0,10,3,1,,0,0,,,,,0,0,0,0,0,0
636,Never Ending Nightm Physic,8,,1,,0,10,2,1,,0,0,,,,,0,0,0,0,0,0
637,Never Ending Nightm Special,8,,1,,0,10,3,1,,0,0,,,,,0,0,0,0,0,0
638,Corkscrew Crash Physical,9,,1,,0,10,2,1,,0,0,,,,,0,0,0,0,0,0
639,Corkscrew Crash Special,9,,1,,0,10,3,1,,0,0,,,,,0,0,0,0,0,0
640,Inferno Overdrive Physical,10,,1,,0,10,2,1,,0,0,,,,,0,0,0,0,0,0
641,Inferno Overdrive Special,10,,1,,0,10,3,1,,0,0,,,,,0,0,0,0,0,0
642,Hydro Vortex Physical,11,,1,,0,10,2,1,,0,0,,,,,0,0,0,0,0,0
643,Hydro Vortex Special,11,,1,,0,10,3,1,,0,0,,,,,0,0,0,0,0,0
644,Bloom Doom Physical,12,,1,,0,10,2,1,,0,0,,,,,0,0,0,0,0,0
645,Bloom Doom Special,12,,1,,0,10,3,1,,0,0,,,,,0,0,0,0,0,0
646,Gigavolt Havoc Physical,13,,1,,0,10,2,1,,0,0,,,,,0,0,0,0,0,0
647,Gigavolt Havoc Special,13,,1,,0,10,3,1,,0,0,,,,,0,0,0,0,0,0
648,Shattered Psyche Physical,14,,1,,0,10,2,1,,0,0,,,,,0,0,0,0,0,0
649,Shattered Psyche Special,14,,1,,0,10,3,1,,0,0,,,,,0,0,0,0,0,0
650,Subzero Slammer Physical,15,,1,,0,10,2,1,,0,0,,,,,0,0,0,0,0,0
651,Subzero Slammer Special,15,,1,,0,10,3,1,,0,0,,,,,0,0,0,0,0,0
652,Devastating Drake Physical,16,,1,,0,10,2,1,,0,0,,,,,0,0,0,0,0,0
653,Devastating Drake Special,16,,1,,0,10,3,1,,0,0,,,,,0,0,0,0,0,0
654,Black Hole Ecli Physical,17,,1,,0,10,2,1,,0,0,,,,,0,0,0,0,0,0
655,Black Hole Ecli Special,17,,1,,0,10,3,1,,0,0,,,,,0,0,0,0,0,0
656,Twinkle Tackle Physical,18,,1,,0,10,2,1,,0,0,,,,,0,0,0,0,0,0
657,Twinkle Tackle Special,18,,1,,0,10,3,1,,0,0,,,,,0,0,0,0,0,0
658,Catastropika,13,210,1,,0,10,2,1,,0,0,,,,,0,0,0,0,0,0
659,Shore Up,5,,10,,0,7,1,382,,3,0,,,,,0,50,0,0,0,0
660,First Impression,7,90,10,100,2,10,2,383,,0,0,,,,,0,0,0,0,0,0
661,Baneful Bunker,4,,10,,4,7,1,384,,13,0,,,,,0,0,0,0,0,0
662,Spirit Shackle,8,80,10,100,0,10,2,385,,0,0,,,,,0,0,0,0,0,0
663,Darkest Lariat,17,85,10,100,0,10,2,304,,0,0,,,,,0,0,0,0,0,0
664,Sparkling Aria,11,90,10,100,0,9,3,386,,0,0,,,,,0,0,0,0,0,0
665,Ice Hammer,15,100,10,90,0,10,2,219,100,7,0,,,,,0,0,0,0,0,100
666,Floral Healing,18,,10,,0,10,1,387,,3,0,,,,,0,50,0,0,0,0
667,High Horsepower,5,95,10,95,0,10,2,1,,0,0,,,,,0,0,0,0,0,0
668,Strength Sap,12,,10,100,0,10,1,388,100,13,0,,,,,0,0,0,0,0,100
669,Solar Blade,12,125,10,100,0,10,2,152,,0,0,,,,,0,0,0,0,0,0
670,Leafage,12,40,40,100,0,10,2,1,,0,0,,,,,0,0,0,0,0,0
671,Spotlight,1,,15,,3,10,1,389,,13,0,,,,,0,0,0,0,0,0
672,Toxic Thread,4,,20,100,0,10,1,390,100,5,5,,,,,0,0,0,100,0,100
673,Laser Focus,1,,30,,0,7,1,391,,13,0,,,,,0,0,0,0,0,0
674,Gear Up,9,,20,,0,13,1,392,,2,0,,,,,0,0,0,0,0,0
675,Throat Chop,17,80,15,100,0,10,2,393,100,4,24,,,2,2,0,0,0,100,0,0
676,Pollen Puff,7,90,15,100,0,10,3,394,,0,0,,,,,0,0,0,0,0,0
677,Anchor Shot,9,80,20,100,0,10,2,385,,0,0,,,,,0,0,0,0,0,0
678,Psychic Terrain,14,,10,,0,12,1,395,,10,0,,,,,0,0,0,0,0,0
679,Lunge,7,80,15,100,0,10,2,396,100,6,0,,,,,0,0,0,0,0,100
680,Fire Lash,10,80,15,100,0,10,2,397,100,6,0,,,,,0,0,0,0,0,100
681,Power Trip,17,20,10,100,0,10,2,306,,0,0,,,,,0,0,0,0,0,0
682,Burn Up,10,130,5,100,0,10,3,398,,0,0,,,,,0,0,0,0,0,0
683,Speed Swap,14,,10,,0,10,1,399,,13,0,,,,,0,0,0,0,0,0
684,Smart Strike,9,70,10,,0,10,2,18,,0,0,,,,,0,0,0,0,0,0
685,Purify,4,,20,,0,10,1,400,,13,0,,,,,0,50,0,0,0,0
686,Revelation Dance,1,90,15,100,0,10,3,401,,0,0,,,,,0,0,0,0,0,0
687,Core Enforcer,16,100,10,100,0,11,3,402,,0,0,,,,,0,0,0,0,0,0
688,Trop Kick,12,70,15,100,0,10,2,396,100,6,0,,,,,0,0,0,0,0,100
689,Instruct,14,,15,,0,10,1,403,,13,0,,,,,0,0,0,0,0,0
690,Beak Blast,3,100,15,100,-3,10,2,404,,0,0,,,,,0,0,0,0,0,0
691,Clanging Scales,16,110,5,100,0,11,3,405,100,7,0,,,,,0,0,0,0,0,100
692,Dragon Hammer,16,90,15,100,0,10,2,1,,0,0,,,,,0,0,0,0,0,0
693,Brutal Swing,17,60,20,100,0,9,2,406,,0,0,,,,,0,0,0,0,0,0
694,Aurora Veil,15,,20,,0,4,1,407,,11,0,,,,,0,0,0,0,0,0
695,Sinister Arrow Raid,8,180,1,,0,10,2,1,,0,0,,,,,0,0,0,0,0,0
696,Malicious Moonsault,17,180,1,,0,10,2,1,,0,0,,,,,0,0,0,0,0,0
697,Oceanic Operetta,11,195,1,,0,10,3,1,,0,0,,,,,0,0,0,0,0,0
698,Guardian Of Al,18,,1,,0,10,3,413,,0,0,,,,,0,0,0,0,0,0
699,Soul Stealing 7 Star Strike,8,195,1,,0,10,2,1,,0,0,,,,,0,0,0,0,0,0
700,Stoked Sparksurfer,13,175,1,,0,10,3,7,100,4,1,,,,,0,0,0,100,0,0
701,Pulverizing Pancake,1,210,1,,0,10,2,1,,0,0,,,,,0,0,0,0,0,0
702,Extreme Evoboost,1,,1,,0,7,1,414,100,2,0,,,,,0,0,0,0,0,100
703,Genesis Supernova,14,185,1,,0,10,3,415,,0,0,,,,,0,0,0,0,0,0
704,Shell Trap,10,150,5,100,-3,11,3,408,,0,0,,,,,0,0,0,0,0,0
705,Fleur Cannon,18,130,5,90,0,10,3,205,100,7,0,,,,,0,0,0,0,0,100
706,Psychic Fangs,14,85,10,100,0,10,2,187,,0,0,,,,,0,0,0,0,0,0
707,Stomping Tantrum,5,75,10,100,0,10,2,409,,0,0,,,,,0,0,0,0,0,0
708,Shadow Bone,8,85,10,100,0,10,2,70,20,6,0,,,,,0,0,0,0,0,20
709,Accelerock,6,40,20,100,1,10,2,104,,0,0,,,,,0,0,0,0,0,0
710,Liquidation,11,85,10,100,0,10,2,70,20,6,0,,,,,0,0,0,0,0,20
711,Prismatic Laser,14,160,10,100,0,10,3,81,,0,0,,,,,0,0,0,0,0,0
712,Spectral Thief,8,90,10,100,0,10,2,410,,0,0,,,,,0,0,0,0,0,0
713,Sunsteel Strike,9,100,5,100,0,10,2,411,,0,0,,,,,0,0,0,0,0,0
714,Moongeist Beam,8,100,5,100,0,10,3,411,,0,0,,,,,0,0,0,0,0,0
715,Tearful Look,1,,20,,0,10,1,412,100,2,0,,,,,0,0,0,0,0,100
716,Zing Zap,13,80,10,100,0,10,2,32,30,0,0,,,,,0,0,0,0,30,0
717,Natures Madness,18,,10,90,0,10,3,41,,0,0,,,,,0,0,0,0,0,0
718,Multi Attack,1,120,10,100,0,10,2,269,,0,0,,,,,0,0,0,0,0,0
719,10 000 000 Vol Thu,13,195,1,,0,10,3,1,,0,0,,,,,0,0,2,0,0,0
720,Mind Blown,10,150,5,100,0,9,3,420,,0,0,,,,,0,0,0,0,0,0
721,Plasma Fists,13,100,15,100,0,10,2,1,,0,0,,,,,0,0,0,0,0,0
722,Photon Geyser,14,100,5,100,0,10,3,1,,0,0,,,,,0,0,0,0,0,0
723,Light That Burn The Sky,14,200,1,,0,10,3,416,,0,0,,,,,0,0,0,0,0,0
724,Searing Sunraze Smash,9,200,1,,0,10,2,411,,0,0,,,,,0,0,0,0,0,0
725,Menacing Moonraze Maelstro,8,200,1,,0,10,3,411,,0,0,,,,,0,0,0,0,0,0
726,Lets Snuggle Forever,18,190,1,,0,10,2,417,,0,0,,,,,0,0,0,0,0,0
727,Splintered Stormshards,6,190,1,,0,10,2,418,,0,0,,,,,0,0,0,0,0,0
728,Clangorous Soulblaze,16,185,1,,0,11,3,419,100,7,0,,,,,0,0,0,0,0,100
729,Zippy Zap,13,80,10,100,2,10,2,1,100,7,0,,,,,0,0,0,0,0,100
730,Splishy Splash,11,90,15,100,0,11,3,1,30,4,1,,,,,0,0,0,30,0,0
731,Floaty Fall,3,90,15,95,0,10,2,1,30,0,0,,,,,0,0,0,0,30,0
732,Pika Papow,13,,20,,0,10,3,1,,0,0,,,,,0,0,0,0,0,0
733,Bouncy Bubble,11,60,20,100,0,10,3,1,,8,0,,,,,100,0,0,0,0,0
734,Buzzy Buzz,13,60,20,100,0,10,3,1,100,4,1,,,,,0,0,0,100,0,0
735,Sizzly Slide,10,60,20,100,0,10,2,1,100,4,4,,,,,0,0,0,100,0,0
736,Glitzy Glow,14,80,15,95,0,10,3,1,,0,0,,,,,0,0,0,0,0,0
737,Baddy Bad,17,80,15,95,0,10,3,1,,0,0,,,,,0,0,0,0,0,0
738,Sappy Seed,12,100,10,90,0,10,2,1,100,4,18,,,,,0,0,0,100,0,0
739,Freezy Frost,15,100,10,90,0,10,3,1,,0,0,,,,,0,0,0,0,0,0
740,Sparkly Swirl,18,120,5,85,0,10,3,1,,0,0,,,,,0,0,0,0,0,0
741,Veevee Volley,1,,20,,0,10,2,1,,0,0,,,,,0,0,0,0,0,0
742,Double Iron Bash,9,60,5,100,0,10,2,45,30,0,0,2,2,,,0,0,0,0,30,0
743,Max Guard,1,,10,,4,7,1,112,,13,0,,,,,0,0,0,0,0,0
744,Dynamax Cannon,16,100,5,100,0,10,3,421,,0,0,,,,,0,0,0,0,0,0
745,Snipe Shot,11,80,15,100,0,10,3,422,,0,0,,,,,0,0,1,0,0,0
746,Jaw Lock,17,80,10,100,0,10,2,423,,0,0,,,,,0,0,0,0,0,0
747,Stuff Cheeks,1,,10,,0,7,1,424,100,2,0,,,,,0,0,0,0,0,100
748,No Retreat,2,,5,,0,7,1,425,100,2,0,,,,,0,0,0,0,0,100
749,Tar Shot,6,,15,100,0,10,1,426,100,5,42,,,,,0,0,0,100,0,100
750,Magic Powder,14,,20,100,0,10,1,427,,13,0,,,,,0,0,0,0,0,0
751,Dragon Darts,16,50,10,100,0,10,2,428,,0,0,2,2,,,0,0,0,0,0,0
752,Teatime,1,,10,,0,14,1,429,,13,0,,,,,0,0,0,0,0,0
753,Octolock,2,,15,100,0,10,1,430,,13,0,,,,,0,0,0,0,0,0
754,Bolt Beak,13,85,10,100,0,10,2,431,,0,0,,,,,0,0,0,0,0,0
755,Fishious Rend,11,85,10,100,0,10,2,431,,0,0,,,,,0,0,0,0,0,0
756,Court Change,1,,10,100,0,12,1,432,,13,0,,,,,0,0,0,0,0,0
757,Max Flare,10,100,10,,0,2,2,1,,0,0,,,,,0,0,0,0,0,0
758,Max Flutterby,7,10,10,,0,2,2,1,,0,0,,,,,0,0,0,0,0,0
759,Max Lightning,13,10,10,,0,2,2,1,,0,0,,,,,0,0,0,0,0,0
760,Max Strike,1,10,10,,0,2,2,1,,0,0,,,,,0,0,0,0,0,0
761,Max Knuckle,2,10,10,,0,2,2,1,,0,0,,,,,0,0,0,0,0,0
762,Max Phantasm,8,10,10,,0,2,2,1,,0,0,,,,,0,0,0,0,0,0
763,Max Hailstorm,15,10,10,,0,2,2,1,,0,0,,,,,0,0,0,0,0,0
764,Max Ooze,4,10,10,,0,2,2,1,,0,0,,,,,0,0,0,0,0,0
765,Max Geyser,11,10,10,,0,2,2,1,,0,0,,,,,0,0,0,0,0,0
766,Max Airstream,3,10,10,,0,2,2,1,,0,0,,,,,0,0,0,0,0,0
767,Max Starfall,18,10,10,,0,2,2,1,,0,0,,,,,0,0,0,0,0,0
768,Max Wyrmwind,16,10,10,,0,2,2,1,,0,0,,,,,0,0,0,0,0,0
769,Max Mindstorm,14,10,10,,0,2,2,1,,0,0,,,,,0,0,0,0,0,0
770,Max Rockfall,6,10,10,,0,2,2,1,,0,0,,,,,0,0,0,0,0,0
771,Max Quake,5,10,10,,0,2,2,1,,0,0,,,,,0,0,0,0,0,0
772,Max Darkness,17,10,10,,0,2,2,1,,0,0,,,,,0,0,0,0,0,0
773,Max Overgrowth,12,10,10,,0,2,2,1,,0,0,,,,,0,0,0,0,0,0
774,Max Steelspike,9,10,10,,0,2,2,1,,0,0,,,,,0,0,0,0,0,0
775,Clangorous Soul,16,,5,100,0,7,1,433,100,2,0,,,,,0,-33,0,0,0,100
776,Body Press,2,80,10,100,0,10,2,434,,0,0,,,,,0,0,0,0,0,0
777,Decorate,18,,15,,0,10,1,435,100,2,0,,,,,0,0,0,0,0,100
778,Drum Beating,12,80,10,100,0,10,2,71,100,6,0,,,,,0,0,0,0,0,100
779,Snap Trap,12,35,15,100,0,10,2,43,100,4,8,,,5,6,0,0,0,100,0,0
780,Pyro Ball,10,120,5,90,0,10,2,5,10,4,4,,,,,0,0,0,10,0,0
781,Behemoth Blade,9,100,5,100,0,10,2,436,,0,0,,,,,0,0,0,0,0,0
782,Behemoth Bash,9,100,5,100,0,10,2,436,,0,0,,,,,0,0,0,0,0,0
783,Aura Wheel,13,110,10,100,0,10,2,437,100,7,0,,,,,0,0,0,0,0,100
784,Breaking Swipe,16,60,15,100,0,11,2,396,100,6,0,,,,,0,0,0,0,0,100
785,Branch Poke,12,40,40,100,0,10,2,1,,0,0,,,,,0,0,0,0,0,0
786,Overdrive,13,80,10,100,0,11,3,439,,0,0,,,,,0,0,0,0,0,0
787,Apple Acid,12,80,10,100,0,10,3,440,100,6,0,,,,,0,0,0,0,0,100
788,Grav Apple,12,80,10,100,0,10,2,397,100,6,0,,,,,0,0,0,0,0,100
789,Spirit Break,18,75,15,100,0,10,2,72,100,6,0,,,,,0,0,0,0,0,100
790,Strange Steam,18,90,10,95,0,10,3,77,20,4,6,,,2,5,0,0,0,20,0,0
791,Life Dew,11,,10,,0,13,1,441,,3,0,,,,,0,25,0,0,0,0
792,Obstruct,17,,10,100,4,7,1,442,,13,0,,,,,0,0,0,0,0,0
793,False Surrender,17,80,10,,0,10,2,18,,0,0,,,,,0,0,0,0,0,0
794,Meteor Assault,2,150,5,100,0,10,2,81,,0,0,,,,,0,0,0,0,0,0
795,Eternabeam,16,160,5,90,0,10,3,81,,0,0,,,,,0,0,0,0,0,0
796,Steel Beam,9,140,5,95,0,10,3,420,,0,0,,,,,0,0,0,0,0,0
797,Expanding Force,14,80,10,100,0,10,3,1,,0,0,,,,,0,0,0,0,0,0
798,Steel Roller,9,130,5,100,0,10,2,1,,0,0,,,,,0,0,0,0,0,0
799,Scale Shot,16,25,20,90,0,10,2,443,,0,0,2,5,,,0,0,0,0,0,0
800,Meteor Beam,6,120,10,90,0,10,3,1,100,0,0,,,,,0,0,0,100,0,0
801,Shell Side Arm,4,90,10,100,0,10,3,1,20,4,5,,,,,0,0,0,20,0,0
802,Misty Explosion,18,100,5,100,0,9,3,1,,0,0,,,,,0,0,0,0,0,0
803,Grassy Glide,12,70,20,100,0,10,2,1,,0,0,,,,,0,0,0,0,0,0
804,Rising Voltage,13,70,20,100,0,10,3,1,,0,0,,,,,0,0,0,0,0,0
805,Terrain Pulse,1,50,10,100,0,10,3,1,,0,0,,,,,0,0,0,0,0,0
806,Skitter Smack,7,70,10,90,0,10,2,1,100,6,0,,,,,0,0,0,0,0,100
807,Burning Jealousy,10,70,5,100,0,11,3,1,100,4,4,,,,,0,0,0,100,0,0
808,Lash Out,17,75,5,100,0,10,2,1,,0,0,,,,,0,0,0,0,0,0
809,Poltergeist,8,110,5,90,0,10,2,1,,0,0,,,,,0,0,0,0,0,0
810,Corrosive Gas,4,,40,100,0,9,1,1,,13,0,,,,,0,0,0,0,0,0
811,Coaching,2,,10,,0,13,1,1,100,2,0,,,,,0,0,0,0,0,100
812,Flip Turn,11,60,20,100,0,10,2,1,,0,0,,,,,0,0,0,0,0,0
813,Triple Axel,15,20,10,90,0,10,2,1,,0,0,3,3,,,0,0,0,0,0,0
814,Dual Wingbeat,3,40,10,90,0,10,2,1,,0,0,2,2,,,0,0,0,0,0,0
815,Scorching Sands,5,70,10,100,0,10,3,1,30,4,4,,,,,0,0,0,30,0,0
816,Jungle Healing,12,,10,,0,13,1,1,,13,0,,,,,0,25,0,0,0,0
817,Wicked Blow,17,80,5,100,0,10,2,1,,0,0,,,,,0,0,6,0,0,0
818,Surging Strikes,11,25,5,100,0,10,2,1,,0,0,3,3,,,0,0,6,0,0,0
819,Thunder Cage,13,80,15,90,0,10,3,1,100,4,8,,,5,6,0,0,0,100,0,0
820,Dragon Energy,16,150,5,100,0,11,3,1,,0,0,,,,,0,0,0,0,0,0
821,Freezing Glare,14,90,10,100,0,10,3,1,10,4,3,,,,,0,0,0,10,0,0
822,Fiery Wrath,17,90,10,100,0,11,3,1,20,0,0,,,,,0,0,0,0,20,0
823,Thunderous Kick,2,90,10,100,0,10,2,1,100,6,0,,,,,0,0,0,0,0,100
824,Glacial Lance,15,130,5,100,0,11,2,1,,0,0,,,,,0,0,0,0,0,0
825,Astral Barrage,8,120,5,100,0,11,3,1,,0,0,,,,,0,0,0,0,0,0
826,Eerie Spell,14,80,5,100,0,10,3,1,,0,0,,,,,0,0,0,0,0,0
